35,0,0,460.18716437838367,6,
35,6,7.264198882764864,460.18716437838367,60,
35,0,0,450.75833302198276,3,
35,3,2.6111656116798816,450.75833302198276,21,
35,0,0,457.6521281565705,2,
35,2,5.913495733321357,457.6521281565705,8,
35,0,0,396.6748524671348,4,
35,4,6.372818809807416,396.6748524671348,37,
35,1,1.080719104884679,449.1548757931924,5,
35,6,15.442615395492155,449.1548757931924,91,
35,0,0,459.0145830016069,0,
35,0,0,459.0145830016069,2,
35,2,6.657574080170031,459.0145830016069,10,
35,0,0,446.26307238335664,3,
35,3,8.158981835043235,446.26307238335664,42,
35,1,1.2341276978949764,436.9285304502904,10,
35,0,0,421.0357296034887,3,
35,3,9.620058622592701,421.0357296034887,62,
35,0,0,405.11642025338074,4,
35,4,10.539978164551348,405.11642025338074,45,
35,1,2.415827774225768,409.10765205757326,4,
35,5,8.220008780778858,409.10765205757326,69,
35,0,0,425.10075849584393,4,
35,4,6.569761893924165,425.10075849584393,41,
35,2,2.515792423754304,406.67547660862317,6,
35,8,18.592600856023772,406.67547660862317,85,
35,0,0,401.92982433365887,1,
35,1,4.698622386517551,401.92982433365887,3,
35,4,16.138700079072528,401.92982433365887,51,
35,1,1.9302483913410065,415.3098477405496,1,
35,2,4.649555659379409,415.3098477405496,32,
35,0,0,437.4927570439925,1,
35,1,3.885893566441677,437.4927570439925,9,
35,0,0,457.97353546651397,1,
35,1,1.4225425734698405,457.97353546651397,6,
35,7,15.73786429272314,457.97353546651397,95,
35,0,0,445.8599376471992,1,
35,1,2.1791186501886095,445.8599376471992,6,
35,7,20.900336284729015,445.8599376471992,108,
35,0,0,434.6623630439475,2,
35,2,5.4890744561859,434.6623630439475,29,
35,0,0,382.9443242485017,4,
35,4,5.791793490140655,382.9443242485017,50,
35,0,0,425.64214800582295,0,
35,0,0,425.64214800582295,5,
35,5,7.874159089660905,425.64214800582295,52,
35,0,0,433.45623887674765,3,
35,3,5.5506474967367705,433.45623887674765,16,
35,0,0,454.1288547104936,1,
35,1,2.557395321216571,454.1288547104936,8,
35,1,0.5928473725526757,398.4603149925624,2,
35,3,5.50703830282448,398.4603149925624,54,
35,0,0,437.1914957271131,1,
35,1,3.649162716545451,437.1914957271131,4,
35,5,13.551123844624914,437.1914957271131,81,
35,0,0,390.6882151536718,2,
35,2,4.606946699036275,390.6882151536718,9,
35,0,0,454.5098481303315,1,
35,1,2.038140354950169,454.5098481303315,6,
35,7,17.715865805797208,454.5098481303315,99,
35,0,0,410.54284460627343,0,
35,0,0,410.54284460627343,1,
35,1,0.6368093127410077,410.54284460627343,4,
35,5,13.475109748517971,410.54284460627343,68,
35,0,0,459.88193017927387,3,
35,3,7.820786431150825,459.88193017927387,47,
35,0,0,420.35349804011867,1,
35,1,1.2457331038354056,420.35349804011867,0,
35,1,1.2457331038354056,420.35349804011867,3,
35,4,8.148232860024072,420.35349804011867,39,
35,0,0,422.3375161360801,3,
35,3,5.887409051822745,422.3375161360801,18,
35,0,0,401.96441681206454,2,
35,2,4.325735215897023,401.96441681206454,12,
35,0,0,432.4306133848655,1,
35,1,0.2650950917384378,432.4306133848655,8,
35,0,0,411.60747799231797,3,
35,3,5.905810079969751,411.60747799231797,52,
35,0,0,497.41148334687114,7,
35,7,14.094689906312757,497.41148334687114,99,
35,0,0,458.25337392785957,0,
35,0,0,458.25337392785957,4,
35,4,13.273674571858528,458.25337392785957,39,
35,1,0.7863387222797797,456.35168592216104,5,
35,6,12.39654723125447,456.35168592216104,86,
35,0,0,436.10609021350587,1,
35,1,2.5894507838367424,436.10609021350587,6,
35,7,22.239943170656975,436.10609021350587,109,
35,1,0.22254962914212228,453.1817595389884,7,
35,8,19.012075185829374,453.1817595389884,105,
35,0,0,407.01223836310106,2,
35,2,5.410035464047617,407.01223836310106,32,
35,0,0,454.8771068933733,5,
35,5,7.901819066406304,454.8771068933733,59,
35,0,0,393.4949119570413,2,
35,2,4.354815648992574,393.4949119570413,14,
35,0,0,471.59848859461863,3,
35,3,7.70406959597444,471.59848859461863,27,
35,0,0,439.23667525565105,1,
35,1,1.346513448033452,439.23667525565105,3,
35,4,8.198698004795643,439.23667525565105,35,
35,0,0,443.7378477537564,0,
35,0,0,443.7378477537564,3,
35,3,4.72085171576137,443.7378477537564,28,
35,0,0,426.24044880365653,3,
35,3,4.785376954228312,426.24044880365653,6,
35,9,20.842541645555112,426.24044880365653,95,
35,1,1.2935240675146424,425.52002852341906,7,
35,8,18.0403681925852,425.52002852341906,114,
35,0,0,415.23005260818394,3,
35,3,4.61480996724125,415.23005260818394,32,
35,0,0,490.8566035646403,5,
35,5,11.67277403207901,490.8566035646403,69,
35,1,1.040296040404975,427.0794885456011,1,
35,2,3.4808506084271578,427.0794885456011,10,
35,0,0,404.7516079889774,3,
35,3,6.069699101066435,404.7516079889774,29,
35,0,0,451.13419070407923,3,
35,3,7.620222413845749,451.13419070407923,37,
35,0,0,413.177364615439,2,
35,2,5.525848221389609,413.177364615439,31,
35,2,0.7803648149869673,420.27742352751204,4,
35,6,10.722791722884374,420.27742352751204,74,
35,0,0,428.8101593917437,1,
35,1,1.8730492981287234,428.8101593917437,6,
35,7,16.430167527669397,428.8101593917437,101,
35,0,0,445.0022447134532,5,
35,5,13.045021989484612,445.0022447134532,69,
35,0,0,446.1011224519143,1,
35,1,1.3987451163571052,446.1011224519143,1,
35,2,5.245953752750054,446.1011224519143,34,
35,1,4.264444042434842,432.60997330715367,11,
35,0,0,418.45818455216045,0,
35,0,0,418.45818455216045,3,
35,3,6.836821082680601,418.45818455216045,55,
35,1,0.5134628975494486,457.7027096835906,5,
35,6,11.501225659113558,457.7027096835906,52,
35,1,1.1669132756141103,419.09664027870394,11,
35,0,0,423.9033689782541,3,
35,3,3.774555275430476,423.9033689782541,30,
35,0,0,429.5270103207094,3,
35,3,7.338725020925478,429.5270103207094,23,
35,0,0,400.45586480296123,0,
35,0,0,400.45586480296123,5,
35,5,6.6937815878035885,400.45586480296123,73,
35,1,1.8680553683240628,433.8019529856194,6,
35,7,15.80339623259122,433.8019529856194,83,
35,0,0,429.39609286348104,0,
35,0,0,429.39609286348104,0,
35,0,0,429.39609286348104,1,
35,1,2.9518374730960595,429.39609286348104,5,
35,6,15.059812702801711,429.39609286348104,74,
35,0,0,451.0628347170401,0,
35,0,0,451.0628347170401,3,
35,3,5.143592172503972,451.0628347170401,31,
35,2,4.318162253747378,439.53858090094997,8,
35,0,0,435.3390612374612,3,
35,3,4.850798293241638,435.3390612374612,51,
35,0,0,426.0990695455665,1,
35,1,0.6890820584269335,426.0990695455665,4,
35,5,6.236995477479407,426.0990695455665,72,
35,0,0,425.87873128148783,3,
35,3,11.441248072244555,425.87873128148783,55,
35,2,5.317989488928424,449.4337266345709,14,
35,1,2.378333231910357,366.00460410309637,1,
35,2,6.197804312848845,366.00460410309637,10,
35,0,0,433.15228592800514,4,
35,4,9.259221612990173,433.15228592800514,48,
35,1,1.8228056382790392,482.28409363300557,7,
35,8,14.373446514116047,482.28409363300557,86,
35,0,0,414.0890587630651,2,
35,2,5.4904317217293634,414.0890587630651,3,
35,5,12.416494402520732,414.0890587630651,45,
35,0,0,470.30518131758623,1,
35,1,3.00682463261964,470.30518131758623,10,
35,1,1.2859339251293491,401.25807928518225,2,
35,3,6.4039969214038575,401.25807928518225,17,
35,0,0,445.1207070884252,3,
35,3,10.63979250987572,445.1207070884252,43,
35,0,0,451.0563886134233,2,
35,2,8.337323778869397,451.0563886134233,15,
35,2,7.099991140988466,483.0295679851387,13,
35,0,0,447.435185887549,2,
35,2,4.325410726934225,447.435185887549,5,
35,7,11.154501777112353,447.435185887549,59,
35,0,0,428.56849538542144,3,
35,3,8.871439462405203,428.56849538542144,11,
35,0,0,456.0764855574635,1,
35,1,1.1818642895773195,456.0764855574635,6,
35,7,17.365533020933576,456.0764855574635,79,
35,0,0,436.93271362118855,3,
35,3,4.215499959166021,436.93271362118855,39,
35,0,0,457.3645222853325,1,
35,1,0.6470381759515291,457.3645222853325,6,
35,7,15.080840303570142,457.3645222853325,94,
35,0,0,423.7992181361121,0,
35,0,0,423.7992181361121,4,
35,4,3.9889212278067063,423.7992181361121,26,
35,0,0,433.06080046182745,3,
35,3,4.289526243715459,433.06080046182745,26,
35,1,0.03401679923809908,440.77115911723774,2,
35,3,3.998044260947953,440.77115911723774,49,
35,0,0,431.9336323718886,2,
35,2,4.398606070582831,431.9336323718886,4,
35,6,14.466574152712658,431.9336323718886,38,
35,0,0,472.10331853772954,5,
35,5,11.669164267923211,472.10331853772954,76,
35,0,0,468.4471460703846,4,
35,4,7.234379233752428,468.4471460703846,40,
35,0,0,441.37321447029507,4,
35,4,9.55996168956166,441.37321447029507,29,
35,0,0,470.67259674076047,5,
35,5,14.618704652718531,470.67259674076047,64,
35,0,0,440.9019271320849,2,
35,2,3.785827336456837,440.9019271320849,15,
35,0,0,412.46741677973785,2,
35,2,2.189522635347137,412.46741677973785,6,
35,8,19.699687682407127,412.46741677973785,114,
35,0,0,405.29242593050117,4,
35,4,5.899763756783454,405.29242593050117,50,
35,0,0,437.19606894449225,2,
35,2,4.062345755718823,437.19606894449225,36,
35,1,2.552411143064674,408.48259277745433,6,
35,7,10.063218707264987,408.48259277745433,91,
35,1,0.34967410684784994,465.5720121436024,7,
35,8,19.336563611296697,465.5720121436024,117,
35,0,0,397.21099210070724,2,
35,2,4.537330109279868,397.21099210070724,33,
35,1,0.9003585025421792,436.15636958670575,4,
35,5,11.712271013157434,436.15636958670575,77,
35,0,0,433.9280288171528,4,
35,4,8.181495470252223,433.9280288171528,74,
35,1,3.438198262437668,444.70808966478813,4,
35,5,11.053410019237846,444.70808966478813,46,
35,1,3.4644360267165304,447.61226641235663,6,
35,7,17.474919158282255,447.61226641235663,117,
35,0,0,415.1657847961728,1,
35,1,4.492396208827877,415.1657847961728,1,
35,2,6.7103113688077585,415.1657847961728,6,
35,8,21.993075542731496,415.1657847961728,86,
35,0,0,427.0371124954022,2,
35,2,4.430203766639753,427.0371124954022,36,
35,1,1.2387245072004482,408.03573917206324,5,
35,6,10.76995740900002,408.03573917206324,44,
35,0,0,463.3339226927948,6,
35,6,11.098510542747508,463.3339226927948,63,
35,2,3.974755608159988,434.4563223667988,24,
35,1,-0.8701597955634135,380.5038053346449,2,
35,3,3.902946479795977,380.5038053346449,9,
35,0,0,434.4613490378977,2,
35,2,3.525028227521396,434.4613490378977,17,
35,0,0,432.7662976039956,1,
35,1,2.56956693093246,432.7662976039956,1,
35,2,5.073147951649446,432.7662976039956,16,
35,0,0,418.36887038602964,4,
35,4,11.135180308002651,418.36887038602964,57,
35,0,0,406.21651584278374,1,
35,1,3.5763052939835838,406.21651584278374,7,
35,8,19.438858389931642,406.21651584278374,96,
35,0,0,459.5656858518199,1,
35,1,2.3981546372238682,459.5656858518199,1,
35,2,4.010301752032106,459.5656858518199,15,
35,0,0,418.49958992967316,1,
35,1,3.757733633609627,418.49958992967316,2,
35,3,8.556574373286093,418.49958992967316,37,
35,1,1.402548659910714,459.02885193966193,7,
35,8,22.531530218523447,459.02885193966193,108,
35,0,0,439.1528610747979,1,
35,1,2.3852933032634933,439.1528610747979,3,
35,4,8.558326822327805,439.1528610747979,42,
35,0,0,439.9263592700198,4,
35,4,7.723773771081127,439.9263592700198,31,
35,0,0,438.25270798218133,3,
35,3,8.8934780023555,438.25270798218133,62,
35,0,0,465.9839037005754,2,
35,2,3.9833539088309156,465.9839037005754,10,
35,0,0,433.66662140814384,1,
35,1,2.299728284276984,433.66662140814384,5,
35,6,17.65223071001174,433.66662140814384,85,
35,0,0,474.95549054604777,2,
35,2,3.8478584792457067,474.95549054604777,11,
35,0,0,434.3335272729001,4,
35,4,7.4265702726945335,434.3335272729001,77,
35,0,0,456.74449520911435,3,
35,3,8.46469454418727,456.74449520911435,22,
35,0,0,403.9965705217097,3,
35,3,9.847589433199937,403.9965705217097,59,
35,0,0,452.98050990267507,1,
35,1,3.253909137355425,452.98050990267507,3,
35,4,12.097668703540435,452.98050990267507,88,
35,0,0,444.49057803074703,3,
35,3,4.944411078724617,444.49057803074703,31,
35,1,0.5582550843011092,402.218305466577,4,
35,5,10.467192048116187,402.218305466577,65,
35,1,1.3796309521230246,426.40408807715914,4,
35,5,11.687522649588791,426.40408807715914,41,
35,0,0,446.50031229392016,2,
35,2,4.8803690716600645,446.50031229392016,13,
35,0,0,465.1274572065108,4,
35,4,8.57113363217235,465.1274572065108,49,
35,0,0,417.6010605143002,3,
35,3,7.008309236440283,417.6010605143002,12,
35,0,0,407.10205442961745,4,
35,4,11.943877430275428,407.10205442961745,43,
35,1,0.4105184702508051,422.49461485152955,3,
35,4,9.044654812828021,422.49461485152955,30,
35,1,3.978147507921557,403.72680775612673,3,
35,4,11.60243322984118,403.72680775612673,48,
35,0,0,405.9604496791859,3,
35,3,7.364453013837583,405.9604496791859,18,
35,0,0,445.49308627020804,5,
35,5,10.190581945024018,445.49308627020804,53,
35,1,0.8746405340978569,393.6578775948345,3,
35,4,10.80230425934952,393.6578775948345,38,
35,0,0,443.9209465997561,2,
35,2,5.5740542806615,443.9209465997561,7,
35,9,26.983614694533667,443.9209465997561,133,
35,0,0,400.4090534009376,3,
35,3,6.239459200851904,400.4090534009376,17,
35,2,2.5438293187921293,418.106401519796,5,
35,7,19.65868246070204,418.106401519796,85,
35,0,0,465.5722542950845,5,
35,5,14.517036783977888,465.5722542950845,55,
35,2,1.0730590848772064,446.5549812825502,20,
35,0,0,441.7028795899688,1,
35,1,2.27722586802615,441.7028795899688,13,
35,0,0,417.58680044235354,1,
35,1,2.1872374271723274,417.58680044235354,3,
35,4,7.706742176831943,417.58680044235354,17,
35,0,0,450.5252816232712,3,
35,3,5.265340872791464,450.5252816232712,23,
35,2,0.9883036914189702,425.6087457990752,6,
35,8,17.8612461547139,425.6087457990752,95,
35,0,0,437.1549511515687,2,
35,2,6.471736194449811,437.1549511515687,12,
35,1,-2.5123432801798025,406.5183707662838,1,
35,2,-0.933810694611708,406.5183707662838,6,
35,8,11.767724378885234,406.5183707662838,91,
35,0,0,463.0829808124346,2,
35,2,5.627258980442111,463.0829808124346,45,
35,0,0,409.59595716848014,1,
35,1,2.678854781672584,409.59595716848014,7,
35,8,21.002952266876548,409.59595716848014,88,
35,0,0,397.00612580232007,2,
35,2,4.936010724421902,397.00612580232007,2,
35,4,9.715397000338605,397.00612580232007,51,
35,1,-0.35304895200216,448.70754201917833,0,
35,1,-0.35304895200216,448.70754201917833,1,
35,2,1.6640035968678522,448.70754201917833,7,
35,9,17.11167713575753,448.70754201917833,111,
35,0,0,436.14832127325263,1,
35,1,0.6338610394017294,436.14832127325263,6,
35,7,14.50438048972043,436.14832127325263,89,
35,0,0,417.6025587667628,0,
35,0,0,417.6025587667628,0,
35,0,0,417.6025587667628,2,
35,2,2.2653269407067143,417.6025587667628,15,
35,0,0,458.0297598289161,1,
35,1,2.091427308104251,458.0297598289161,7,
35,8,16.15499881940041,458.0297598289161,101,
35,0,0,464.65812673169336,2,
35,2,4.7044270621211695,464.65812673169336,14,
35,0,0,427.94699647676094,5,
35,5,9.261149931148685,427.94699647676094,62,
35,0,0,475.6070739055029,2,
35,2,4.615761218585998,475.6070739055029,18,
35,1,0.7266170631719007,462.65471633772165,11,
35,1,3.0706823088450896,436.3250053892029,5,
35,6,11.368269127062756,436.3250053892029,90,
35,0,0,402.0443738293325,1,
35,1,2.0165194818310113,402.0443738293325,4,
35,5,10.989068174537108,402.0443738293325,60,
35,0,0,396.9582625023032,1,
35,1,0.7932785735523797,396.9582625023032,2,
35,3,5.974680827234808,396.9582625023032,13,
35,0,0,423.43295454744106,2,
35,2,2.542995292011355,423.43295454744106,25,
35,0,0,419.2120434027647,4,
35,4,9.057461230354823,419.2120434027647,58,
35,1,1.7296167409543095,459.32781679743357,7,
35,8,12.799980816749882,459.32781679743357,96,
35,2,2.2641342852237045,447.6786195269254,7,
35,9,19.58494331647745,447.6786195269254,114,
35,0,0,498.1213042987786,3,
35,3,9.864268774350926,498.1213042987786,40,
35,0,0,440.15088511298364,3,
35,3,3.5316618897192047,440.15088511298364,21,
35,0,0,425.72044817665846,2,
35,2,5.842719374582256,425.72044817665846,24,
35,0,0,432.5689679941549,2,
35,2,7.535316459533664,432.5689679941549,30,
35,0,0,370.75008115498315,2,
35,2,8.01913197092006,370.75008115498315,19,
35,0,0,434.6194476166277,1,
35,1,4.374617526783696,434.6194476166277,5,
35,6,13.208560688479137,434.6194476166277,97,
35,0,0,433.91072747568177,4,
35,4,7.455809117574288,433.91072747568177,40,
35,0,0,427.705773924815,0,
35,0,0,427.705773924815,1,
35,1,2.1197049661338916,427.705773924815,4,
35,5,12.121215577658885,427.705773924815,43,
35,0,0,419.11414059748023,4,
35,4,8.400959935402504,419.11414059748023,23,
35,0,0,433.16425279633853,4,
35,4,10.786293701944121,433.16425279633853,76,
35,0,0,430.289761542924,2,
35,2,4.717141479090998,430.289761542924,23,
35,1,3.555897928747811,425.1661925368138,4,
35,5,14.092306697087304,425.1661925368138,79,
35,0,0,433.22245930417085,4,
35,4,8.51219481554145,433.22245930417085,36,
35,0,0,432.03934892384365,2,
35,2,5.74235570988289,432.03934892384365,27,
35,0,0,443.4671530272061,3,
35,3,6.012333188512562,443.4671530272061,23,
35,0,0,401.07160693282805,3,
35,3,5.161432527679102,401.07160693282805,12,
35,0,0,446.9921198659906,2,
35,2,4.527433834224622,446.9921198659906,8,
35,2,1.461955684847796,435.50411384957573,2,
35,4,3.4648144564609087,435.50411384957573,28,
35,0,0,451.607344439899,2,
35,2,0.31370571363529365,451.607344439899,16,
35,0,0,432.3347086160303,1,
35,1,3.767578926146509,432.3347086160303,3,
35,4,10.083182666047868,432.3347086160303,56,
35,0,0,466.3642080935087,1,
35,1,2.69170521091298,466.3642080935087,2,
35,3,9.104121796031404,466.3642080935087,23,
35,0,0,422.0006974047416,2,
35,2,4.349299249685764,422.0006974047416,26,
35,1,2.0545513918198637,424.94212562066735,7,
35,8,16.4156673534492,424.94212562066735,57,
35,1,1.2459084484422647,461.4137670371138,7,
35,8,19.24542811869531,461.4137670371138,99,
35,1,0.003387272113016593,433.6412943348415,4,
35,5,13.36390347799367,433.6412943348415,60,
35,0,0,447.0499164972285,1,
35,1,2.255369368076874,447.0499164972285,3,
35,4,9.930636823555755,447.0499164972285,74,
35,0,0,421.5226302924402,1,
35,1,1.1275032808010437,421.5226302924402,2,
35,3,7.2199069281159645,421.5226302924402,66,
35,0,0,426.30043551793887,6,
35,6,8.871957984167144,426.30043551793887,54,
35,0,0,390.65035652917186,1,
35,1,1.663449639650736,390.65035652917186,5,
35,6,8.379727638655321,390.65035652917186,61,
35,0,0,465.1898544662715,2,
35,2,4.993835329215592,465.1898544662715,20,
35,0,0,453.2771508331821,1,
35,1,4.612893405655496,453.2771508331821,3,
35,4,8.788737305670983,453.2771508331821,41,
35,0,0,443.012923390794,2,
35,2,2.8678695573598034,443.012923390794,14,
35,0,0,414.3465114695438,2,
35,2,2.6419777208217603,414.3465114695438,34,
35,0,0,432.8481615918079,2,
35,2,4.100273533404938,432.8481615918079,32,
35,1,-1.0407115853301327,467.41830615490215,3,
35,4,5.277828523751506,467.41830615490215,48,
35,1,1.4019379331605606,446.03097627168825,6,
35,7,16.200042256674486,446.03097627168825,106,
35,1,-0.2488146358477863,460.4040122179286,2,
35,3,3.911032542140715,460.4040122179286,11,
35,0,0,432.67794146384244,1,
35,1,2.308525773773173,432.67794146384244,4,
35,5,13.110911074228241,432.67794146384244,65,
35,0,0,480.6686719043115,1,
35,1,1.1852412059675679,480.6686719043115,2,
35,3,6.764813863211401,480.6686719043115,59,
35,0,0,447.22407000764457,2,
35,2,5.94321589069483,447.22407000764457,20,
35,1,0.6356607241515881,437.84534941626345,2,
35,3,6.798870051900209,437.84534941626345,20,
35,0,0,434.376625812919,1,
35,1,2.473091084362647,434.376625812919,7,
35,8,21.8593769764098,434.376625812919,63,
35,0,0,429.0182695799585,1,
35,1,2.155674411361211,429.0182695799585,3,
35,4,8.286927958306745,429.0182695799585,64,
35,0,0,425.7747671600825,4,
35,4,9.24072289654529,425.7747671600825,44,
35,0,0,427.4877535815351,3,
35,3,3.6603886615365795,427.4877535815351,30,
35,0,0,445.2560437897184,1,
35,1,1.1519507619385294,445.2560437897184,6,
35,7,17.78425523875837,445.2560437897184,57,
35,0,0,421.081227580777,2,
35,2,4.970792271888655,421.081227580777,8,
35,0,0,410.44982936084523,2,
35,2,2.0944055275819604,410.44982936084523,5,
35,7,17.739413595767203,410.44982936084523,67,
35,0,0,449.9797886115898,2,
35,2,6.0145040919959705,449.9797886115898,40,
35,0,0,435.1039774315182,2,
35,2,5.490331099566603,435.1039774315182,6,
35,8,24.360248369371106,435.1039774315182,93,
35,2,4.91703099519167,406.13560169843055,35,
35,0,0,437.6780436637329,2,
35,2,7.0557890441797255,437.6780436637329,31,
35,0,0,420.8514322747304,1,
35,1,0.7037744041813028,420.8514322747304,4,
35,5,11.519050306268747,420.8514322747304,66,
35,0,0,458.3013403993113,6,
35,6,10.885378925317697,458.3013403993113,83,
35,0,0,422.02162043057547,1,
35,1,1.3836844230436434,422.02162043057547,5,
35,6,13.62771283886842,422.02162043057547,59,
35,0,0,383.02418467933353,1,
35,1,2.247499981768584,383.02418467933353,6,
35,7,18.338366749709593,383.02418467933353,97,
35,1,3.3782925707738816,435.8383828870619,2,
35,3,7.3598929248580145,435.8383828870619,26,
35,1,0.11243955260422922,386.2436086776688,4,
35,5,9.624995292686563,386.2436086776688,52,
35,1,1.346315671453631,443.1580852463121,0,
35,1,1.346315671453631,443.1580852463121,3,
35,4,8.130754678667437,443.1580852463121,46,
35,0,0,416.63025284886504,5,
35,5,10.88023823503765,416.63025284886504,49,
35,0,0,447.9823225144397,2,
35,2,4.987799495661067,447.9823225144397,10,
35,0,0,393.98759531308417,4,
35,4,9.748396357800475,393.98759531308417,32,
35,1,-0.004661421990530101,417.6566877455076,3,
35,4,5.055797281858107,417.6566877455076,17,
35,0,0,440.8593906338426,3,
35,3,4.6135850678394945,440.8593906338426,26,
35,0,0,439.7560171619664,4,
35,4,5.7210116499946775,439.7560171619664,34,
35,0,0,506.67999543267956,1,
35,1,0.9030697663829557,506.67999543267956,5,
35,6,12.857907187059524,506.67999543267956,89,
35,0,0,471.4193962031361,3,
35,3,5.853214163832284,471.4193962031361,17,
35,1,1.3049251238010164,432.31574661378033,6,
35,7,16.647877248736272,432.31574661378033,92,
35,0,0,450.6423093493275,2,
35,2,9.07721231089879,450.6423093493275,27,
35,2,1.5189492108817166,455.63925241495264,4,
35,6,13.362868410178056,455.63925241495264,70,
35,0,0,445.1644428359183,4,
35,4,7.599641382116113,445.1644428359183,46,
35,1,-0.1201415930955747,451.7509533895899,4,
35,5,6.790654996730863,451.7509533895899,41,
35,0,0,443.75257541209476,2,
35,2,5.812036612911111,443.75257541209476,21,
35,1,1.0766041757436575,479.6219983397572,5,
35,6,11.867910959243629,479.6219983397572,88,
35,0,0,446.36577465802856,1,
35,1,0.9958407778734077,446.36577465802856,5,
35,6,14.929566102248643,446.36577465802856,68,
35,0,0,417.35965482628995,1,
35,1,4.466023718789913,417.35965482628995,11,
35,0,0,466.37892875286394,3,
35,3,4.909840913426477,466.37892875286394,18,
35,0,0,457.3993632473549,1,
35,1,3.051458190150271,457.3993632473549,4,
35,5,12.98549859696581,457.3993632473549,48,
35,1,1.4752443115536238,415.3323772774069,8,
35,1,0.9926163917407322,436.64747177859795,4,
35,5,11.54975941444266,436.64747177859795,46,
35,1,2.9313155834244213,450.1331906405075,5,
35,6,20.447580793027324,450.1331906405075,99,
35,0,0,449.5074118590072,1,
35,1,1.3948920478371498,449.5074118590072,7,
35,8,22.309048780515305,449.5074118590072,109,
35,0,0,431.86810269439366,5,
35,5,11.008503704560226,431.86810269439366,57,
35,1,2.119225879277426,465.66375722894156,9,
35,0,0,427.87533319343424,1,
35,1,0.7825824766799343,427.87533319343424,2,
35,3,2.455663958902621,427.87533319343424,25,
35,0,0,420.0984131422074,1,
35,1,0.3923297132785386,420.0984131422074,5,
35,6,11.989813451804157,420.0984131422074,94,
35,1,2.775430695225971,440.64426487552026,5,
35,6,15.149370924820456,440.64426487552026,49,
35,0,0,490.6161899707704,3,
35,3,7.9325571401990835,490.6161899707704,39,
35,0,0,449.7224301133276,3,
35,3,4.07531491924372,449.7224301133276,34,
35,0,0,453.48860519602687,4,
35,4,7.1054622554770805,453.48860519602687,28,
35,1,1.7322822170080165,466.381608610435,4,
35,5,11.800478631917153,466.381608610435,32,
35,0,0,430.1488138783623,2,
35,2,5.938675625296515,430.1488138783623,29,
35,0,0,420.0033129965249,3,
35,3,8.170148746681408,420.0033129965249,30,
35,1,1.127249553977947,467.9399586497898,7,
35,8,17.76249394848852,467.9399586497898,95,
35,0,0,411.39627268889507,2,
35,2,4.241383012661462,411.39627268889507,14,
35,0,0,456.87692326808826,1,
35,1,2.176927440666958,456.87692326808826,6,
35,7,16.86273770333358,456.87692326808826,86,
35,0,0,427.98674843635706,0,
35,0,0,427.98674843635706,0,
35,0,0,427.98674843635706,2,
35,2,4.658328233983637,427.98674843635706,10,
35,0,0,433.71588273476414,4,
35,4,6.7878915575940155,433.71588273476414,61,
35,2,5.571527714166242,450.30085474489175,22,
35,0,0,437.7111276081059,5,
35,5,6.639476255610404,437.7111276081059,35,
35,0,0,433.87503100239473,1,
35,1,0.6358083898853906,433.87503100239473,7,
35,8,12.630809653686162,433.87503100239473,85,
35,2,1.4198862357085975,454.58993366885625,3,
35,5,9.15389039063768,454.58993366885625,46,
35,1,2.1307162682093512,446.27064488131884,4,
35,5,12.318277017826185,446.27064488131884,84,
35,0,0,417.96670846574364,3,
35,3,6.951379852219752,417.96670846574364,58,
35,0,0,479.22789989590814,1,
35,1,3.119555745770473,479.22789989590814,4,
35,5,7.65938856174588,479.22789989590814,47,
35,1,3.208685953957687,461.8720316371918,4,
35,5,12.989668389561576,461.8720316371918,96,
35,1,-1.3660941221365483,439.9067879674513,1,
35,2,1.2604197370679184,439.9067879674513,2,
35,4,5.030822878412701,439.9067879674513,52,
35,0,0,405.302144103789,1,
35,1,1.423391690302381,405.302144103789,5,
35,6,11.829900537472563,405.302144103789,50,
35,0,0,404.226143091604,4,
35,4,7.560423457618846,404.226143091604,52,
35,1,-0.15498915714572803,465.2358073143781,1,
35,2,2.8777169137066103,465.2358073143781,5,
35,7,19.204722335969716,465.2358073143781,102,
35,0,0,448.3130604897192,1,
35,1,1.8343974021067524,448.3130604897192,6,
35,7,14.373191195475227,448.3130604897192,73,
35,0,0,436.6555299523365,1,
35,1,0.12331286265522934,436.6555299523365,4,
35,5,13.75028632036955,436.6555299523365,81,
35,0,0,413.01357485701277,2,
35,2,5.734676042596686,413.01357485701277,9,
35,0,0,420.9527268649289,1,
35,1,2.6696556484018927,420.9527268649289,3,
35,4,7.862121829088814,420.9527268649289,55,
35,0,0,425.01817628559803,2,
35,2,3.5293274713959963,425.01817628559803,4,
35,6,13.139567224025338,425.01817628559803,74,
35,0,0,467.73831968784003,2,
35,2,0.607905893512946,467.73831968784003,11,
35,0,0,419.7203678766582,1,
35,1,3.2933652970076466,419.7203678766582,8,
35,1,2.126398879274422,422.43297620083905,10,
35,0,0,436.14318380148427,3,
35,3,6.057899344203662,436.14318380148427,34,
35,0,0,463.0919723020289,1,
35,1,1.9673514465150301,463.0919723020289,2,
35,3,5.2095890832699325,463.0919723020289,20,
35,0,0,436.4096323778459,4,
35,4,8.883417075053115,436.4096323778459,44,
35,0,0,489.86308206561483,3,
35,3,5.998286318023403,489.86308206561483,28,
35,2,3.546615449758818,405.8665568979131,23,
35,1,3.844278106922733,490.98892031635313,6,
35,7,21.0286301640479,490.98892031635313,93,
35,0,0,444.0038273298405,6,
35,6,17.307552134626327,444.0038273298405,77,
35,0,0,463.68961734781277,2,
35,2,5.390090286429038,463.68961734781277,8,
35,2,4.7256782851617665,410.4564133254275,9,
35,0,0,431.4662763193775,1,
35,1,0.600796724985905,431.4662763193775,2,
35,3,4.420459677273129,431.4662763193775,22,
35,0,0,470.4172519340559,2,
35,2,5.129898110011375,470.4172519340559,7,
35,9,24.124154459881797,470.4172519340559,122,
35,0,0,477.5735447085882,4,
35,4,11.94134503063429,477.5735447085882,53,
35,1,1.6331758871980124,456.2837942905574,4,
35,5,9.605940814897808,456.2837942905574,63,
35,0,0,450.63773708762415,2,
35,2,1.4619979278020692,450.63773708762415,3,
35,5,10.599707477808025,450.63773708762415,79,
35,0,0,444.2340526378324,0,
35,0,0,444.2340526378324,4,
35,4,8.285136357699331,444.2340526378324,61,
35,0,0,425.38949084346484,1,
35,1,2.2805465666341718,425.38949084346484,5,
35,6,9.225283901572322,425.38949084346484,82,
35,1,2.862823159920989,425.6654436090242,5,
35,6,9.063130267650186,425.6654436090242,48,
35,0,0,460.1503904975502,1,
35,1,1.1298767843743303,460.1503904975502,0,
35,1,1.1298767843743303,460.1503904975502,2,
35,3,3.6982806856669033,460.1503904975502,21,
35,0,0,461.9241851090863,5,
35,5,15.563377713017712,461.9241851090863,92,
35,1,3.175735352470543,446.4041902098945,4,
35,5,12.108165632208415,446.4041902098945,89,
35,0,0,453.4896267456711,2,
35,2,4.623871075603223,453.4896267456711,18,
35,0,0,380.23143676529713,0,
35,0,0,380.23143676529713,1,
35,1,4.051793835574461,380.23143676529713,8,
35,0,0,463.50189758467724,3,
35,3,6.889151933431025,463.50189758467724,37,
35,0,0,426.62828690476624,2,
35,2,2.6394262511962587,426.62828690476624,2,
35,4,9.542968216891513,426.62828690476624,61,
35,1,4.324214492892608,437.4732354931678,5,
35,6,14.87628148472245,437.4732354931678,85,
35,0,0,462.46651842856244,0,
35,0,0,462.46651842856244,3,
35,3,5.091615542188492,462.46651842856244,45,
35,1,-0.3858101596172716,441.8163242214679,3,
35,4,4.647632800608905,441.8163242214679,7,
35,11,18.27881739883158,441.8163242214679,104,
35,0,0,399.76140528765046,0,
35,0,0,399.76140528765046,2,
35,2,4.420725056093589,399.76140528765046,12,
35,0,0,445.035024642056,3,
35,3,7.39350334732389,445.035024642056,51,
35,0,0,421.4433440801098,3,
35,3,4.351782228336397,421.4433440801098,32,
35,0,0,437.5132329844755,2,
35,2,3.901862074753943,437.5132329844755,7,
35,9,18.034263896221454,437.5132329844755,93,
35,0,0,440.8310786734635,1,
35,1,1.0,440.8310786734635,2,
35,3,5.339709144752213,440.8310786734635,18,
35,0,0,414.66181340307105,0,
35,0,0,414.66181340307105,2,
35,2,4.871732662877793,414.66181340307105,8,
35,0,0,382.3622699742363,0,
35,0,0,382.3622699742363,2,
35,2,6.589359675078509,382.3622699742363,29,
35,1,2.355366825043472,412.46836164502855,2,
35,3,7.263198019184305,412.46836164502855,26,
35,0,0,470.857363532386,3,
35,3,4.272419958704134,470.857363532386,33,
35,0,0,472.5835618917747,3,
35,3,7.686503727712781,472.5835618917747,13,
35,0,0,477.9557515367441,1,
35,1,1.5775252001743958,477.9557515367441,8,
35,0,0,396.51538779979404,6,
35,6,15.103528360353698,396.51538779979404,91,
35,0,0,392.9956921822269,1,
35,1,2.943985262984592,392.9956921822269,4,
35,5,11.339597763618631,392.9956921822269,56,
35,1,3.0304128161082122,432.22652312174716,6,
35,7,15.829617986321333,432.22652312174716,86,
35,0,0,419.4593609887169,0,
35,0,0,419.4593609887169,2,
35,2,2.2349106015974733,419.4593609887169,6,
35,8,22.928668582819085,419.4593609887169,80,
35,0,0,433.375917993703,2,
35,2,2.22889874272178,433.375917993703,13,
35,2,2.316681427711824,451.8280710769708,9,
35,0,0,407.86055247351777,2,
35,2,4.897132683300679,407.86055247351777,12,
35,0,0,412.9291757757135,0,
35,0,0,412.9291757757135,0,
35,0,0,412.9291757757135,0,
35,0,0,412.9291757757135,3,
35,3,8.921169273662938,412.9291757757135,19,
35,0,0,410.7385268828219,2,
35,2,5.003655395446117,410.7385268828219,28,
35,0,0,463.58035096709204,5,
35,5,8.142214568066667,463.58035096709204,66,
35,1,3.468616808071676,393.64059423864467,1,
35,2,6.457830769559925,393.64059423864467,3,
35,5,16.47460520638129,393.64059423864467,38,
35,1,2.928173958361999,419.90341034731676,4,
35,5,11.373738093764127,419.90341034731676,50,
35,0,0,415.8838787864071,1,
35,1,0.41959035880931594,415.8838787864071,2,
35,3,4.350304745479168,415.8838787864071,24,
35,1,-0.13511506007345275,463.5118961435002,2,
35,3,5.66728480422252,463.5118961435002,10,
35,0,0,381.8452795095387,0,
35,0,0,381.8452795095387,3,
35,3,6.821073894727057,381.8452795095387,30,
35,0,0,427.2819545283861,0,
35,0,0,427.2819545283861,2,
35,2,6.39436457861861,427.2819545283861,9,
35,0,0,408.99343898318807,3,
35,3,9.481748276030292,408.99343898318807,47,
35,0,0,452.51285034709406,3,
35,3,7.157818964412185,452.51285034709406,34,
35,0,0,472.5173326235815,2,
35,2,7.427686256579637,472.5173326235815,42,
35,0,0,396.10911113571296,0,
35,0,0,396.10911113571296,4,
35,4,8.075424583367791,396.10911113571296,45,
35,0,0,428.45071705930684,3,
35,3,8.239586384172963,428.45071705930684,38,
35,1,1.8563852595439911,447.8050166076813,5,
35,6,11.970111482084507,447.8050166076813,65,
35,0,0,432.7266535325797,1,
35,1,1.7754344421602717,432.7266535325797,7,
35,8,16.4773848132605,432.7266535325797,102,
35,1,1.0182909506864881,438.8343492190321,4,
35,5,9.876284297975246,438.8343492190321,72,
35,0,0,448.1156864471981,1,
35,1,2.926377896735442,448.1156864471981,10,
35,0,0,455.50485967698825,0,
35,0,0,455.50485967698825,2,
35,2,1.7870852702273439,455.50485967698825,11,
35,0,0,468.2077206068824,1,
35,1,1.5144428701985895,468.2077206068824,6,
35,7,14.973483797038924,468.2077206068824,102,
35,0,0,417.4654315765082,1,
35,1,3.3482512571235468,417.4654315765082,9,
35,1,1.9097159017000767,443.0015455823869,3,
35,4,6.301896134760156,443.0015455823869,41,
35,0,0,385.54782843540596,5,
35,5,6.061627448820648,385.54782843540596,18,
35,0,0,422.0495739730923,1,
35,1,2.7459564677499877,422.0495739730923,10,
35,0,0,449.6216215274667,2,
35,2,3.000940867959118,449.6216215274667,4,
35,6,11.644964103026775,449.6216215274667,55,
35,1,1.9516731734895352,472.0223807088947,9,
35,0,0,426.01836732904565,0,
35,0,0,426.01836732904565,3,
35,3,4.480170085230258,426.01836732904565,24,
35,0,0,470.98105984536045,1,
35,1,3.222044403683043,470.98105984536045,11,
35,0,0,414.1596418549223,2,
35,2,4.1310750039372195,414.1596418549223,11,
35,0,0,390.01130766848524,5,
35,5,11.568787383134396,390.01130766848524,63,
35,0,0,417.53084853561586,0,
35,0,0,417.53084853561586,1,
35,1,2.202951496122278,417.53084853561586,10,
35,0,0,383.5276718463967,1,
35,1,2.1089600307594,383.5276718463967,5,
35,6,19.03076261747386,383.5276718463967,77,
35,0,0,461.8756977855511,1,
35,1,1.4454461896717774,461.8756977855511,3,
35,4,8.854102523930436,461.8756977855511,68,
35,1,3.46366449445728,429.02022062446554,1,
35,2,5.840326589542318,429.02022062446554,22,
35,0,0,423.5063673878996,1,
35,1,1.2375793726802122,423.5063673878996,3,
35,4,7.639190184597387,423.5063673878996,37,
35,1,2.2101744927202027,432.25164620937653,14,
35,0,0,438.14412464547763,1,
35,1,0.21291836491634086,438.14412464547763,1,
35,2,2.450692847395235,438.14412464547763,22,
35,0,0,406.0742197438776,2,
35,2,5.005102464412747,406.0742197438776,15,
35,1,2.5315511639960278,484.6466352323899,4,
35,5,11.838589940643613,484.6466352323899,71,
35,0,0,445.8268520730121,5,
35,5,11.32804842783836,445.8268520730121,49,
35,1,-0.07416462669983304,433.6996220843447,1,
35,2,2.215719054383893,433.6996220843447,9,
35,0,0,435.5586879547181,5,
35,5,13.904172529132204,435.5586879547181,53,
35,0,0,454.314527265122,3,
35,3,8.820452033830358,454.314527265122,65,
35,1,1.6502401227031616,441.2359430289639,3,
35,4,11.684343088176412,441.2359430289639,33,
35,0,0,477.5484838851805,4,
35,4,10.572226144557487,477.5484838851805,78,
35,0,0,469.7553473724696,2,
35,2,2.646189765072977,469.7553473724696,7,
35,9,22.711209378130928,469.7553473724696,132,
35,0,0,455.46220104318803,0,
35,0,0,455.46220104318803,2,
35,2,4.717181309374434,455.46220104318803,15,
35,1,2.517437242922284,416.90426392863594,7,
35,8,17.045395975103904,416.90426392863594,102,
35,0,0,411.4472448815455,2,
35,2,2.224145054416301,411.4472448815455,18,
35,1,1.9833141268536885,454.7286151187079,7,
35,8,19.89537161076525,454.7286151187079,112,
35,0,0,414.1969075301263,1,
35,1,2.7603293085024063,414.1969075301263,3,
35,4,10.128997543500784,414.1969075301263,57,
35,1,1.9096948408490455,475.54485734403994,5,
35,6,11.712297641144191,475.54485734403994,46,
35,1,0.7035588733135949,455.0196591673731,7,
35,8,17.22326133998571,455.0196591673731,83,
35,0,0,399.46133831082676,1,
35,1,0.878846885141531,399.46133831082676,2,
35,3,5.215492473085252,399.46133831082676,52,
35,1,1.389537143042178,423.92883824999524,3,
35,4,8.417172769341649,423.92883824999524,45,
35,0,0,494.56741068765695,0,
35,0,0,494.56741068765695,2,
35,2,4.519561375693755,494.56741068765695,41,
35,0,0,444.21434555797856,1,
35,1,0.6125279119445537,444.21434555797856,4,
35,5,5.386215930425545,444.21434555797856,60,
35,0,0,424.22230363264003,3,
35,3,10.510810328984544,424.22230363264003,23,
35,0,0,436.7701478004996,1,
35,1,1.6531891755703043,436.7701478004996,4,
35,5,14.021512673997155,436.7701478004996,93,
35,0,0,440.83389877120595,2,
35,2,5.24459550709857,440.83389877120595,10,
35,0,0,435.5508603222936,2,
35,2,3.5606187373039777,435.5508603222936,17,
35,0,0,414.3628942776061,5,
35,5,6.715063477869213,414.3628942776061,29,
35,0,0,479.72474449648774,0,
35,0,0,479.72474449648774,2,
35,2,2.8257225677175093,479.72474449648774,7,
35,9,20.257905821823403,479.72474449648774,87,
35,2,-3.383237179021574,416.88221729241604,3,
35,5,5.76144770429188,416.88221729241604,18,
35,1,-1.3910107166291112,450.6203488613025,0,
35,1,-1.3910107166291112,450.6203488613025,3,
35,4,6.023943660119908,450.6203488613025,52,
35,0,0,417.7305443388239,4,
35,4,8.491216230718933,417.7305443388239,45,
35,1,1.7298626132325943,404.79366312766695,4,
35,5,11.667765078364662,404.79366312766695,54,
35,1,1.08032043041767,478.34613692566467,4,
35,5,9.045564280950744,478.34613692566467,74,
35,0,0,457.54155520715216,3,
35,3,7.902953058608613,457.54155520715216,26,
35,0,0,420.5570006573312,2,
35,2,3.9258180938348026,420.5570006573312,19,
35,0,0,460.3958640917673,1,
35,1,1.689928047852078,460.3958640917673,4,
35,5,11.635229947907062,460.3958640917673,78,
35,2,0.4283726884609038,440.87913017919556,6,
35,8,14.670539479306274,440.87913017919556,98,
35,1,0.775568953138567,436.15076824522185,7,
35,8,21.041898058487146,436.15076824522185,108,
35,0,0,459.69192189103387,3,
35,3,4.79341599703025,459.69192189103387,15,
35,0,0,414.8982507898334,0,
35,0,0,414.8982507898334,8,
35,0,0,425.56588964598916,2,
35,2,6.9681894135419515,425.56588964598916,14,
35,0,0,419.4006360282984,2,
35,2,2.9715922904995455,419.4006360282984,4,
35,6,9.171330304649778,419.4006360282984,62,
35,0,0,419.19655460669037,4,
35,4,8.315053608149588,419.19655460669037,32,
35,0,0,403.1178288271501,3,
35,3,3.8434395768903595,403.1178288271501,8,
35,0,0,422.0068850818155,4,
35,4,9.324187583813796,422.0068850818155,43,
35,0,0,439.41952183184713,3,
35,3,8.491531986667322,439.41952183184713,68,
35,0,0,447.2587503807996,0,
35,0,0,447.2587503807996,3,
35,3,7.239189589656451,447.2587503807996,25,
35,0,0,438.37392592467023,4,
35,4,6.512442574208931,438.37392592467023,45,
35,0,0,446.3704775509649,0,
35,0,0,446.3704775509649,1,
35,1,3.003772397678304,446.3704775509649,5,
35,6,13.052016874551342,446.3704775509649,81,
35,0,0,481.0145299091012,1,
35,1,4.671996942207597,481.0145299091012,5,
35,6,15.94088410608037,481.0145299091012,92,
35,0,0,416.6040469424199,3,
35,3,5.908452754499304,416.6040469424199,49,
35,0,0,400.48966160139935,1,
35,1,1.370512654299377,400.48966160139935,3,
35,4,9.731092647241372,400.48966160139935,55,
35,1,2.918470416878236,433.8513484834311,3,
35,4,11.793342877928133,433.8513484834311,52,
35,0,0,430.29279046763486,0,
35,0,0,430.29279046763486,4,
35,4,6.178495309688934,430.29279046763486,50,
35,0,0,465.048132799152,2,
35,2,4.327071202397672,465.048132799152,11,
35,0,0,467.2598940400369,4,
35,4,9.716614296072443,467.2598940400369,35,
35,0,0,474.0980292555021,2,
35,2,3.9564554969148134,474.0980292555021,39,
35,0,0,424.2225088034738,6,
35,6,15.146826283427211,424.2225088034738,83,
35,1,2.6697864330112075,482.02340639742084,8,
35,1,0.9655079108916773,424.68111032443,5,
35,6,12.490998940390451,424.68111032443,94,
35,0,0,443.56908447795774,0,
35,0,0,443.56908447795774,1,
35,1,2.883528724884222,443.56908447795774,6,
35,7,18.666493343367932,443.56908447795774,89,
35,1,0.047451268306645034,421.52446508755304,4,
35,5,5.029852309351732,421.52446508755304,59,
35,0,0,451.41016238638167,2,
35,2,5.472692297129372,451.41016238638167,21,
35,0,0,450.10915893322345,2,
35,2,5.754107955228388,450.10915893322345,36,
35,0,0,487.31506910143645,1,
35,1,1.501971229910012,487.31506910143645,3,
35,4,8.318356784192632,487.31506910143645,59,
35,1,2.0978854186920763,393.3455829469116,3,
35,4,6.997484101867615,393.3455829469116,33,
35,0,0,455.94924657169645,0,
35,0,0,455.94924657169645,4,
35,4,7.733624861223429,455.94924657169645,34,
35,0,0,454.7607221484879,1,
35,1,2.662098314847224,454.7607221484879,10,
35,0,0,422.2402678308923,2,
35,2,3.4712320147292477,422.2402678308923,7,
35,9,23.066817613392217,422.2402678308923,119,
35,1,0.21426219429099191,451.74432176698684,3,
35,4,9.609315012580765,451.74432176698684,49,
35,0,0,444.47463611611744,0,
35,0,0,444.47463611611744,0,
35,0,0,444.47463611611744,3,
35,3,5.066962719312155,444.47463611611744,38,
35,0,0,436.7831389432444,1,
35,1,3.934304058815002,436.7831389432444,3,
35,4,11.461762062037813,436.7831389432444,70,
35,0,0,433.79883666597965,3,
35,3,10.695378962131846,433.79883666597965,62,
35,0,0,404.6062414374121,4,
35,4,8.529670328229194,404.6062414374121,36,
35,2,7.130063780169632,444.9120292230253,8,
35,0,0,437.47615938707,3,
35,3,6.210970505723012,437.47615938707,11,
35,0,0,437.181993465614,3,
35,3,6.228798907790976,437.181993465614,45,
35,0,0,427.0389062832849,2,
35,2,6.140402666894527,427.0389062832849,13,
35,0,0,448.93770479467344,2,
35,2,6.295224219757397,448.93770479467344,28,
35,0,0,424.1201857691635,2,
35,2,3.9192596036675234,424.1201857691635,9,
35,0,0,459.4861172025048,3,
35,3,6.640415560117855,459.4861172025048,52,
35,0,0,449.88315235097383,3,
35,3,6.780564735861915,449.88315235097383,69,
35,1,3.219497420884995,468.78910541603705,5,
35,6,12.678717591800403,468.78910541603705,57,
35,1,2.3938320625229377,458.31822132476407,3,
35,4,7.923173870961213,458.31822132476407,58,
35,0,0,424.4530298363847,1,
35,1,1.108190789925736,424.4530298363847,7,
35,8,21.339791047607616,424.4530298363847,101,
35,0,0,402.76536249836795,0,
35,0,0,402.76536249836795,2,
35,2,4.692570898352276,402.76536249836795,4,
35,6,12.176325427970271,402.76536249836795,49,
35,0,0,451.87941922054677,3,
35,3,4.747229500395546,451.87941922054677,21,
35,0,0,441.1947655035983,2,
35,2,1.602107906842864,441.1947655035983,14,
35,1,-0.5851554481101928,436.5788342886726,3,
35,4,8.832168544797582,436.5788342886726,80,
35,1,3.1521540621853195,428.12524545362834,4,
35,5,12.42308728983542,428.12524545362834,73,
35,0,0,428.0736230978362,3,
35,3,2.8899701295166924,428.0736230978362,16,
35,0,0,450.89875287149613,3,
35,3,5.2713499463888525,450.89875287149613,30,
35,1,1.0611793336375523,418.16022378134465,0,
35,1,1.0611793336375523,418.16022378134465,4,
35,5,9.553827814812921,418.16022378134465,49,
35,0,0,404.14434617822417,0,
35,0,0,404.14434617822417,1,
35,1,1.595667841216656,404.14434617822417,7,
35,8,12.237066899938071,404.14434617822417,78,
35,0,0,466.59116852444834,1,
35,1,4.224718824691184,466.59116852444834,8,
35,0,0,498.9371245632562,2,
35,2,6.897078383740226,498.9371245632562,45,
35,0,0,441.77528294048125,2,
35,2,3.3967975782968,441.77528294048125,5,
35,7,21.597518557895896,441.77528294048125,75,
35,0,0,422.62785825072604,3,
35,3,9.2193316947932,422.62785825072604,30,
35,0,0,444.87395128952295,2,
35,2,4.611247015837707,444.87395128952295,8,
35,0,0,452.9692441965312,0,
35,0,0,452.9692441965312,2,
35,2,6.473079267698768,452.9692441965312,17,
35,0,0,461.49407735975956,2,
35,2,4.010761922988786,461.49407735975956,15,
35,0,0,464.08515433730037,3,
35,3,6.520871374621285,464.08515433730037,22,
35,0,0,439.12921127862467,1,
35,1,1.7545409250375101,439.12921127862467,2,
35,3,7.368685101683896,439.12921127862467,31,
35,0,0,402.57899028438857,0,
35,0,0,402.57899028438857,1,
35,1,2.077926051077645,402.57899028438857,2,
35,3,11.332245660884878,402.57899028438857,48,
35,0,0,471.42615856994934,2,
35,2,5.168818559952328,471.42615856994934,17,
35,0,0,438.14074529228486,2,
35,2,2.6782253068266257,438.14074529228486,8,
35,1,1.9270214527720029,450.21575206625266,7,
35,8,15.827827263715939,450.21575206625266,108,
35,1,5.470116496772659,393.3365405383207,7,
35,8,25.97559747219357,393.3365405383207,104,
35,0,0,422.68199216121684,2,
35,2,5.36446026193701,422.68199216121684,22,
35,0,0,441.2322784774557,3,
35,3,6.325864257274667,441.2322784774557,22,
35,0,0,435.606110523511,3,
35,3,1.2082537486584268,435.606110523511,31,
35,0,0,424.7766440121283,4,
35,4,12.230595529602605,424.7766440121283,61,
35,0,0,408.6842119723022,2,
35,2,4.075762447336855,408.6842119723022,3,
35,5,10.651376340310863,408.6842119723022,51,
35,1,-0.2732996289345522,469.753813899139,5,
35,6,11.618816715349633,469.753813899139,42,
35,0,0,445.9852083357087,2,
35,2,6.6803696638759735,445.9852083357087,20,
35,0,0,474.99627688813405,2,
35,2,4.807887517997749,474.99627688813405,13,
35,0,0,384.40303501114636,2,
35,2,3.9137519028117485,384.40303501114636,6,
35,8,21.07576807005288,384.40303501114636,112,
35,0,0,432.96900788604387,4,
35,4,13.96461918052324,432.96900788604387,69,
35,0,0,427.45476201753206,1,
35,1,1.249590903568194,427.45476201753206,4,
35,5,11.237736107183007,427.45476201753206,78,
35,0,0,479.05944086905015,0,
35,0,0,479.05944086905015,2,
35,2,3.0417782489533245,479.05944086905015,19,
35,2,1.3507645779230657,413.2712204188508,10,
35,0,0,420.7474288754427,0,
35,0,0,420.7474288754427,1,
35,1,1.5595828925079616,420.7474288754427,8,
35,2,2.066266475905225,423.2127242755395,2,
35,4,8.190981019902319,423.2127242755395,44,
35,0,0,450.58030571300327,3,
35,3,5.9650190071503815,450.58030571300327,28,
35,0,0,426.280024911634,5,
35,5,8.849065384868247,426.280024911634,72,
35,0,0,453.4881219584341,1,
35,1,0.8126021770188032,453.4881219584341,1,
35,2,2.740765988433786,453.4881219584341,9,
35,0,0,435.85814195860434,2,
35,2,6.237392978513823,435.85814195860434,15,
35,0,0,400.5421928465431,3,
35,3,7.505088590852717,400.5421928465431,25,
35,0,0,442.7184283442139,2,
35,2,2.199423686661369,442.7184283442139,8,
35,0,0,481.3177959213565,0,
35,0,0,481.3177959213565,3,
35,3,9.599177159071095,481.3177959213565,41,
35,1,1.3119265697051272,459.05226128690936,3,
35,4,4.8040445920630805,459.05226128690936,16,
35,0,0,452.93278589037794,1,
35,1,0.9135846520504138,452.93278589037794,6,
35,7,14.022013043052405,452.93278589037794,96,
35,1,-1.0106532838583657,443.2870179697111,2,
35,3,6.705194648045502,443.2870179697111,13,
35,1,0.870726488913153,420.7032016301039,5,
35,6,16.481270094189874,420.7032016301039,81,
35,0,0,452.36610312155227,4,
35,4,7.913921703513429,452.36610312155227,49,
35,1,-0.3762394190142295,430.51936427315616,4,
35,5,7.264713683620721,430.51936427315616,38,
35,1,1.799163246569595,400.9998659226489,10,
35,0,0,447.55074798962517,4,
35,4,8.352081199659699,447.55074798962517,56,
35,0,0,422.86541628506643,0,
35,0,0,422.86541628506643,1,
35,1,3.3723247567112438,422.86541628506643,4,
35,5,9.641459941251533,422.86541628506643,54,
35,0,0,383.91132579205646,2,
35,2,4.875406845701232,383.91132579205646,7,
35,9,17.557174406463623,383.91132579205646,99,
35,0,0,483.31300014275183,2,
35,2,5.2050622717112205,483.31300014275183,10,
35,0,0,453.9617407495727,1,
35,1,3.435992504280124,453.9617407495727,7,
35,8,21.020385128874715,453.9617407495727,80,
35,0,0,421.33124817041255,5,
35,5,7.782364115023947,421.33124817041255,53,
35,0,0,420.9937629350016,4,
35,4,11.65374728444694,420.9937629350016,25,
35,1,1.6611437115735743,436.4024111803597,4,
35,5,8.591439904513884,436.4024111803597,54,
35,0,0,427.5552133378663,2,
35,2,5.0664795989782725,427.5552133378663,30,
35,0,0,407.7053102762259,2,
35,2,5.907123099816982,407.7053102762259,39,
35,0,0,373.74606071633696,3,
35,3,9.667386144878057,373.74606071633696,33,
35,0,0,427.5900194746041,3,
35,3,6.125306180434345,427.5900194746041,28,
35,0,0,454.36030560087625,0,
35,0,0,454.36030560087625,1,
35,1,0.6138826311734142,454.36030560087625,7,
35,8,18.726444800776655,454.36030560087625,103,
35,0,0,436.08053491041875,4,
35,4,10.9322447686742,436.08053491041875,54,
35,1,0.10925333344513888,410.54403212453013,5,
35,6,12.53071089139919,410.54403212453013,64,
35,2,3.9392799477329987,449.4202634588646,4,
35,6,12.40520878092904,449.4202634588646,84,
35,0,0,431.1110550991219,2,
35,2,8.43548423332696,431.1110550991219,31,
35,0,0,439.1898997819218,0,
35,0,0,439.1898997819218,2,
35,2,4.919312179100045,439.1898997819218,9,
35,0,0,465.55980367762675,1,
35,1,3.1109874359420466,465.55980367762675,5,
35,6,16.49871336004534,465.55980367762675,62,
35,0,0,446.16635182229663,3,
35,3,6.363662131202037,446.16635182229663,14,
35,0,0,486.7257650064487,1,
35,1,0.7906850514753643,486.7257650064487,4,
35,5,16.478154254992894,486.7257650064487,86,
35,0,0,434.2229080523881,0,
35,0,0,434.2229080523881,2,
35,2,2.4318545044251856,434.2229080523881,7,
35,9,30.234478156065396,434.2229080523881,125,
35,0,0,429.0234679392133,0,
35,0,0,429.0234679392133,2,
35,2,2.873793722352625,429.0234679392133,5,
35,7,17.23244334928396,429.0234679392133,92,
35,0,0,413.1182158370107,3,
35,3,6.907153327104851,413.1182158370107,23,
35,0,0,426.1373292812072,4,
35,4,9.051675584414602,426.1373292812072,37,
35,0,0,438.6804835319041,2,
35,2,6.003668365785309,438.6804835319041,37,
35,0,0,397.6080712576504,3,
35,3,5.939454081797539,397.6080712576504,21,
35,0,0,459.43826623546965,2,
35,2,1.4773597751644427,459.43826623546965,13,
35,1,-0.21696657118427964,458.62461840663724,5,
35,6,13.734032066380061,458.62461840663724,84,
35,1,1.7911980054696421,423.7666194346221,3,
35,4,8.293038016073425,423.7666194346221,58,
35,0,0,423.41870562970166,3,
35,3,11.17041096456948,423.41870562970166,32,
35,0,0,396.2841458216242,0,
35,0,0,396.2841458216242,3,
35,3,4.649635262576874,396.2841458216242,34,
35,0,0,438.050685557767,2,
35,2,4.469623180503119,438.050685557767,9,
35,0,0,433.63326690767803,4,
35,4,8.435430083447681,433.63326690767803,35,
35,0,0,440.91265014555523,1,
35,1,2.9400275171861114,440.91265014555523,5,
35,6,20.75987260816736,440.91265014555523,111,
35,0,0,413.1797991615413,1,
35,1,2.6739221547936083,413.1797991615413,4,
35,5,9.094669179321095,413.1797991615413,51,
35,1,4.044248757909607,422.43708720645486,2,
35,3,10.223918598523458,422.43708720645486,22,
35,0,0,487.4354470669078,2,
35,2,5.373690517686743,487.4354470669078,3,
35,5,8.97152969781395,487.4354470669078,71,
35,0,0,446.98287581324314,0,
35,0,0,446.98287581324314,2,
35,2,2.083604745499777,446.98287581324314,5,
35,7,11.40250158504448,446.98287581324314,60,
35,0,0,465.79034196988925,1,
35,1,3.6225577764529966,465.79034196988925,3,
35,4,13.057179494997857,465.79034196988925,87,
35,0,0,421.92665067440095,4,
35,4,10.228864657056672,421.92665067440095,85,
35,1,-0.8350352242166075,416.2422755618771,0,
35,1,-0.8350352242166075,416.2422755618771,1,
35,2,2.9891273650094163,416.2422755618771,3,
35,5,7.890601814891388,416.2422755618771,26,
35,1,0.9138269965667156,426.2821114955676,5,
35,6,10.158449068850596,426.2821114955676,59,
35,0,0,463.1161536245066,1,
35,1,3.209018499837004,463.1161536245066,5,
35,6,14.428847836122701,463.1161536245066,95,
35,0,0,439.65526788082644,5,
35,5,15.45744124124517,439.65526788082644,94,
35,0,0,440.64966960026413,1,
35,1,3.9478949771469125,440.64966960026413,14,
35,1,-0.09806718961650063,415.26116518623024,0,
35,1,-0.09806718961650063,415.26116518623024,1,
35,2,3.029416693531216,415.26116518623024,7,
35,9,19.330069659252743,415.26116518623024,87,
35,0,0,436.17444714038817,0,
35,0,0,436.17444714038817,2,
35,2,2.226378687244946,436.17444714038817,20,
35,0,0,442.06682386877327,1,
35,1,3.574471851116705,442.06682386877327,3,
35,4,9.306577012592818,442.06682386877327,63,
35,1,-2.6407774028754947,419.5012812846658,3,
35,4,0.2984440053673705,419.5012812846658,26,
35,0,0,417.10642305509236,0,
35,0,0,417.10642305509236,3,
35,3,4.460855064009902,417.10642305509236,53,
35,0,0,405.5754430403693,0,
35,0,0,405.5754430403693,4,
35,4,10.383583235848036,405.5754430403693,33,
35,0,0,461.5990796494237,3,
35,3,6.193239606111181,461.5990796494237,43,
35,1,0.10559020239692885,431.6775163326626,8,
35,0,0,405.5165569334133,2,
35,2,4.488027660227921,405.5165569334133,32,
35,0,0,432.3734593621489,1,
35,1,3.3353334489310313,432.3734593621489,4,
35,5,16.240535705238564,432.3734593621489,75,
35,0,0,440.55613775452554,4,
35,4,5.952599386043795,440.55613775452554,39,
35,1,1.9212393635280414,440.2457261191094,5,
35,6,10.01475278422101,440.2457261191094,62,
35,2,3.1863855158645755,412.50467390225737,29,
35,1,4.4631810516028345,443.5912796309257,5,
35,6,14.57113631933622,443.5912796309257,83,
35,0,0,443.5747517015754,4,
35,4,10.58049108898385,443.5747517015754,50,
35,0,0,430.98392933881314,2,
35,2,3.31871143602754,430.98392933881314,9,
35,0,0,412.80089806260634,1,
35,1,1.49495125777681,412.80089806260634,1,
35,2,2.6298169258318023,412.80089806260634,21,
35,1,3.498555911882443,426.4485187470919,6,
35,7,18.88202392073253,426.4485187470919,76,
35,0,0,379.6497419466345,2,
35,2,1.2720790914482674,379.6497419466345,4,
35,6,9.151661910406881,379.6497419466345,48,
35,1,1.2504095862117985,447.58405987298636,3,
35,4,8.20231469300369,447.58405987298636,22,
35,1,0.8893801521287834,442.27965136531964,3,
35,4,12.467612407359722,442.27965136531964,52,
35,0,0,358.6056961075176,2,
35,2,2.3357922925860706,358.6056961075176,11,
35,2,3.9382153141677207,406.3776589175057,5,
35,7,13.941746376397177,406.3776589175057,71,
35,1,2.7531002811597105,393.0152051941165,5,
35,6,13.289137945761208,393.0152051941165,73,
35,0,0,452.59144728398223,3,
35,3,10.140224141092727,452.59144728398223,16,
35,0,0,457.1770887294837,4,
35,4,8.614514697830248,457.1770887294837,58,
35,0,0,422.85462107128234,4,
35,4,5.7538143779134785,422.85462107128234,41,
35,1,1.1755027126530848,403.8019155278589,2,
35,3,5.079125512879772,403.8019155278589,16,
35,2,3.693877494906223,475.82996107512537,7,
35,9,21.791330545545616,475.82996107512537,121,
35,0,0,481.0365109506208,3,
35,3,7.400288433777636,481.0365109506208,30,
35,0,0,445.8948116535636,2,
35,2,5.91547420088315,445.8948116535636,14,
35,0,0,456.066037266935,0,
35,0,0,456.066037266935,2,
35,2,3.1361117684200224,456.066037266935,8,
35,1,-0.1648183371085139,447.5528655783384,1,
35,2,0.7136638146740069,447.5528655783384,1,
35,3,2.3664850900101513,447.5528655783384,7,
35,10,21.604732387457748,447.5528655783384,107,
35,0,0,387.81234765361927,1,
35,1,0.9304607387894563,387.81234765361927,5,
35,6,11.313198828895985,387.81234765361927,76,
35,0,0,436.0752084580997,4,
35,4,7.920915052159621,436.0752084580997,15,
35,0,0,419.5686842190365,2,
35,2,1.591139906516247,419.5686842190365,8,
35,0,0,457.9778930098497,2,
35,2,4.462168754269033,457.9778930098497,21,
35,1,0.6801261978146922,460.6566425462131,3,
35,4,11.012064578205699,460.6566425462131,50,
35,1,-0.6883911176748647,387.2189511840857,1,
35,2,0.5704513228160906,387.2189511840857,3,
35,5,5.733820698676542,387.2189511840857,27,
35,0,0,438.7988254468388,6,
35,6,11.574777320414508,438.7988254468388,89,
35,0,0,373.5678471350226,2,
35,2,2.817779458404603,373.5678471350226,4,
35,6,13.479457853646704,373.5678471350226,61,
35,0,0,453.60523673780887,1,
35,1,1.5016008775349867,453.60523673780887,7,
35,8,16.80220140474553,453.60523673780887,117,
35,0,0,427.0834520776085,2,
35,2,3.7129090381679504,427.0834520776085,8,
35,0,0,468.9673037829656,1,
35,1,1.1040109242887404,468.9673037829656,4,
35,5,11.71048807859136,468.9673037829656,64,
35,1,2.784173390525819,469.9449536558075,5,
35,6,18.172195895652745,469.9449536558075,93,
35,0,0,455.52359735208455,1,
35,1,1.1887020764912926,455.52359735208455,6,
35,7,18.728155719125883,455.52359735208455,87,
35,0,0,440.81386265387,1,
35,1,1.887431887316552,440.81386265387,7,
35,8,17.469866145782497,440.81386265387,99,
35,0,0,457.3879504747146,2,
35,2,2.088503631508603,457.3879504747146,7,
35,9,15.51480582069559,457.3879504747146,98,
35,0,0,429.5626248012402,3,
35,3,9.414631493104213,429.5626248012402,67,
35,0,0,407.3276944306422,2,
35,2,3.946536328697814,407.3276944306422,23,
35,0,0,441.12215106493835,1,
35,1,2.399401983195361,441.12215106493835,2,
35,3,10.441194592205923,441.12215106493835,27,
35,1,0.11031430774804996,451.8757545873455,3,
35,4,2.597939932893194,451.8757545873455,18,
35,0,0,468.5386423893607,1,
35,1,3.7158890579838086,468.5386423893607,10,
35,0,0,432.9509046351446,1,
35,1,1.2926223047649454,432.9509046351446,4,
35,5,13.439162533671018,432.9509046351446,72,
35,1,1.2288970680668037,434.01911057802215,2,
35,3,4.2403638311986285,434.01911057802215,52,
35,0,0,431.06807634545777,3,
35,3,5.512275475594789,431.06807634545777,39,
35,0,0,468.9881004015777,2,
35,2,4.600420205778175,468.9881004015777,7,
35,9,16.238692110506584,468.9881004015777,108,
35,1,1.127560208192813,433.3442597461638,6,
35,7,12.793206549677317,433.3442597461638,60,
35,1,2.7332797740489134,381.8957641260087,8,
35,0,0,430.22613544396444,3,
35,3,5.206989188267958,430.22613544396444,40,
35,1,-1.2216681768458706,409.95672599081354,1,
35,2,1.7283345716536171,409.95672599081354,2,
35,4,6.020336564384463,409.95672599081354,35,
35,2,2.611479686949558,428.3883105880735,6,
35,8,12.640890095104854,428.3883105880735,83,
35,1,5.297443676210376,442.1655167695921,10,
35,0,0,462.45936902033054,3,
35,3,3.7088868128746064,462.45936902033054,39,
35,0,0,417.8327256787637,2,
35,2,6.97048062914619,417.8327256787637,13,
35,0,0,429.0694006630808,1,
35,1,1.919372436546423,429.0694006630808,5,
35,6,18.34762620017467,429.0694006630808,73,
35,0,0,432.5493811529102,3,
35,3,6.946381458914354,432.5493811529102,9,
35,1,2.6635063052581707,432.94822906818825,7,
35,8,12.831347642916247,432.94822906818825,97,
35,1,2.8345853151419416,398.19839102755327,3,
35,4,10.13942165912486,398.19839102755327,30,
35,0,0,412.60210233406843,1,
35,1,0.798056701324688,412.60210233406843,7,
35,8,18.46111611733307,412.60210233406843,83,
35,1,3.2259863702854332,442.1187074809435,5,
35,6,15.508752698865107,442.1187074809435,63,
35,0,0,458.4461887577105,3,
35,3,6.470131943311859,458.4461887577105,60,
35,0,0,440.0914663608565,1,
35,1,1.55658863926765,440.0914663608565,6,
35,7,15.511927787807897,440.0914663608565,70,
35,0,0,442.92523031633226,2,
35,2,4.335774350785254,442.92523031633226,13,
35,0,0,415.6678728027757,3,
35,3,9.151510679949345,415.6678728027757,44,
35,1,-2.1370993697750578,447.51378052608345,1,
35,2,0.019594073679460422,447.51378052608345,6,
35,8,14.77208891973951,447.51378052608345,104,
35,0,0,465.03283472892,4,
35,4,9.884307613015666,465.03283472892,43,
35,0,0,439.8789343004891,2,
35,2,5.438571310773295,439.8789343004891,13,
35,0,0,445.93770790763836,3,
35,3,5.745972005678633,445.93770790763836,20,
35,0,0,410.5489538856155,1,
35,1,4.313348771013546,410.5489538856155,4,
35,5,14.471727426149428,410.5489538856155,50,
35,0,0,422.24496704588586,2,
35,2,2.379301929943562,422.24496704588586,11,
35,1,1.780807302881609,386.6601335676459,5,
35,6,17.563526696678817,386.6601335676459,59,
35,0,0,449.0531036952514,5,
35,5,8.649885842096264,449.0531036952514,71,
35,1,1.4976997489308843,506.0365547020214,9,
35,0,0,420.71472717656644,0,
35,0,0,420.71472717656644,4,
35,4,12.30320388919455,420.71472717656644,54,
35,1,3.9086829637174976,411.0748987800819,5,
35,6,12.902128870171412,411.0748987800819,55,
35,0,0,443.60190910907625,2,
35,2,7.6819446832653675,443.60190910907625,47,
35,1,3.052415879248489,440.50315473454464,5,
35,6,15.845479846007244,440.50315473454464,99,
35,0,0,431.9643139681342,3,
35,3,5.834173211994258,431.9643139681342,42,
35,0,0,393.0152239793236,3,
35,3,4.145805698278645,393.0152239793236,28,
35,0,0,389.6117582376042,1,
35,1,1.470066556267792,389.6117582376042,5,
35,6,14.198018639222148,389.6117582376042,72,
35,0,0,427.4268785205567,2,
35,2,2.75896952297027,427.4268785205567,7,
35,9,20.543527325984314,427.4268785205567,109,
35,0,0,467.23767396512176,0,
35,0,0,467.23767396512176,1,
35,1,3.4683683067201905,467.23767396512176,9,
35,1,2.1103108011866905,417.9920659975225,6,
35,7,17.24801807718886,417.9920659975225,77,
35,0,0,454.05814161961666,2,
35,2,3.9342021804303737,454.05814161961666,12,
35,0,0,427.95968358151845,3,
35,3,6.105279951286274,427.95968358151845,20,
35,0,0,427.7287685762926,2,
35,2,3.9893665102084164,427.7287685762926,10,
35,0,0,444.332130752121,2,
35,2,4.333487639030153,444.332130752121,11,
35,0,0,467.3827347709847,4,
35,4,7.828263768590942,467.3827347709847,23,
35,1,3.701573135296009,404.45212784996215,5,
35,6,15.690763283029085,404.45212784996215,83,
35,0,0,508.9491632137802,2,
35,2,3.476172547608936,508.9491632137802,6,
35,8,17.035358536284793,508.9491632137802,109,
35,1,2.654597985168447,457.0492987575259,4,
35,5,8.930427035619527,457.0492987575259,55,
35,0,0,461.8683917657851,3,
35,3,6.028021793006625,461.8683917657851,40,
35,0,0,469.9325830661441,0,
35,0,0,469.9325830661441,3,
35,3,5.33868935900734,469.9325830661441,36,
35,0,0,444.9325613076672,5,
35,5,11.001083074267617,444.9325613076672,47,
35,0,0,460.3352737980211,1,
35,1,2.4723363172605026,460.3352737980211,3,
35,4,6.05566268766454,460.3352737980211,36,
35,0,0,413.2382821727386,0,
35,0,0,413.2382821727386,4,
35,4,8.706526909634395,413.2382821727386,63,
35,0,0,410.2652722025997,2,
35,2,2.138209369240924,410.2652722025997,6,
35,8,18.42076267962535,410.2652722025997,115,
35,0,0,423.38618022330104,3,
35,3,6.4664282577117085,423.38618022330104,47,
35,0,0,434.2907346608829,0,
35,0,0,434.2907346608829,1,
35,1,4.544162761366547,434.2907346608829,6,
35,7,17.145701889973374,434.2907346608829,102,
35,0,0,398.0043467604064,1,
35,1,1.9116110501294337,398.0043467604064,5,
35,6,15.291622548629755,398.0043467604064,76,
35,0,0,474.3374736513873,3,
35,3,3.60506883590954,474.3374736513873,31,
35,0,0,436.18464381654496,2,
35,2,4.0311672285345175,436.18464381654496,14,
35,0,0,484.6198739832374,1,
35,1,1.3580761321008872,484.6198739832374,3,
35,4,9.74700570901685,484.6198739832374,71,
35,0,0,430.7846690078699,2,
35,2,4.649575953226918,430.7846690078699,7,
35,9,17.65212538632472,430.7846690078699,116,
35,0,0,436.1985294368238,0,
35,0,0,436.1985294368238,3,
35,3,12.424824843368729,436.1985294368238,56,
35,0,0,445.03810576332313,1,
35,1,1.0418925013463713,445.03810576332313,6,
35,7,15.67283302915588,445.03810576332313,83,
35,0,0,428.6417116970035,1,
35,1,1.7307536745076781,428.6417116970035,13,
35,1,0.28220856787502413,420.40448490204926,0,
35,1,0.28220856787502413,420.40448490204926,3,
35,4,6.574351911990865,420.40448490204926,32,
35,0,0,460.1762669516746,3,
35,3,11.45125126053701,460.1762669516746,59,
35,1,2.3449814425294733,473.5715542732453,6,
35,7,15.27616658648492,473.5715542732453,101,
35,1,-0.18484076932423932,421.78783624485123,2,
35,3,3.621965537961465,421.78783624485123,13,
35,1,0.18970013983408762,438.9358140780932,6,
35,7,14.980732498743965,438.9358140780932,99,
35,0,0,452.54329607249565,1,
35,1,3.1190385233238693,452.54329607249565,9,
35,1,1.9321011415012084,456.6901144015663,3,
35,4,9.850202544302226,456.6901144015663,45,
35,0,0,422.0670138747291,2,
35,2,4.4634151253137215,422.0670138747291,9,
35,0,0,455.05176732282496,1,
35,1,4.4536133073042805,455.05176732282496,9,
35,0,0,411.986190017223,3,
35,3,8.053298769698134,411.986190017223,67,
35,1,-1.6768508101873998,438.2735669790993,2,
35,3,1.9275934111534276,438.2735669790993,11,
35,2,2.8737584692348612,427.7342537588893,11,
35,0,0,458.77803108147816,1,
35,1,2.2120145861324545,458.77803108147816,5,
35,6,13.61575835353226,458.77803108147816,89,
35,0,0,467.7630307112585,4,
35,4,7.673657343588353,467.7630307112585,63,
35,0,0,401.9560182710479,2,
35,2,5.946906171017076,401.9560182710479,3,
35,5,11.84020232620915,401.9560182710479,57,
35,0,0,418.086794992192,1,
35,1,3.944027580451415,418.086794992192,5,
35,6,14.645700626983913,418.086794992192,77,
35,0,0,369.3885878032779,1,
35,1,4.197823410658625,369.3885878032779,8,
35,0,0,434.22209568674447,1,
35,1,1.8203846049999726,434.22209568674447,7,
35,8,16.723049979313554,434.22209568674447,89,
35,0,0,425.8009985666144,0,
35,0,0,425.8009985666144,3,
35,3,5.0675734361855165,425.8009985666144,7,
35,10,24.41586028139875,425.8009985666144,119,
35,0,0,449.3287480876201,1,
35,1,3.3279259380701482,449.3287480876201,5,
35,6,9.717463806069418,449.3287480876201,84,
35,0,0,379.8826164760124,1,
35,1,2.0241392222128063,379.8826164760124,10,
35,0,0,422.7461915731033,2,
35,2,2.4172915041911125,422.7461915731033,8,
35,1,-0.6725724321398463,458.3351125775003,0,
35,1,-0.6725724321398463,458.3351125775003,1,
35,2,1.2037316287427036,458.3351125775003,5,
35,7,13.882100444361,458.3351125775003,97,
35,0,0,427.3136419239355,4,
35,4,9.498204912820329,427.3136419239355,43,
35,0,0,451.98070633887073,6,
35,6,11.641857712339757,451.98070633887073,57,
35,0,0,390.85452301609547,1,
35,1,2.3956961868511115,390.85452301609547,3,
35,4,7.682383836113656,390.85452301609547,19,
35,0,0,439.7208568192126,4,
35,4,4.790267644342032,439.7208568192126,39,
35,1,2.7884637961032936,400.94442168829084,4,
35,5,7.896834790625455,400.94442168829084,75,
35,0,0,436.59874092507744,5,
35,5,15.853412424007267,436.59874092507744,57,
35,0,0,453.10616587258284,1,
35,1,3.56904000231885,453.10616587258284,5,
35,6,14.79964455900424,453.10616587258284,84,
35,0,0,454.47332106303134,2,
35,2,7.165268642663049,454.47332106303134,15,
35,0,0,429.0790795641945,1,
35,1,1.1753453975690107,429.0790795641945,9,
35,0,0,419.58841210459934,1,
35,1,3.7331044276284846,419.58841210459934,1,
35,2,6.618298822909056,419.58841210459934,15,
35,1,-1.3853292709395841,424.93864911460736,3,
35,4,4.718972114665556,424.93864911460736,30,
35,0,0,448.15406705201843,3,
35,3,8.245540880990626,448.15406705201843,53,
35,1,2.904173622917945,425.93445381638526,6,
35,7,15.816954131908128,425.93445381638526,108,
35,1,1.5964744303133003,480.32566994762226,0,
35,1,1.5964744303133003,480.32566994762226,5,
35,6,13.057657961632257,480.32566994762226,57,
35,1,1.7820885427106408,448.15487042546135,9,
35,1,0.6998149883480185,462.77161727889836,3,
35,4,6.270646310210951,462.77161727889836,31,
35,0,0,437.91357662753757,2,
35,2,4.300070609803704,437.91357662753757,9,
35,0,0,425.84564653100836,2,
35,2,3.9130208998241933,425.84564653100836,12,
35,1,-0.43797774954376933,471.2273329609593,1,
35,2,-0.18194708048872243,471.2273329609593,5,
35,7,14.375132949046655,471.2273329609593,93,
35,0,0,462.9692868426649,4,
35,4,10.034087290846442,462.9692868426649,65,
35,0,0,386.1414546279577,0,
35,0,0,386.1414546279577,7,
35,7,14.658530862255166,386.1414546279577,76,
35,0,0,481.1115889501082,3,
35,3,4.44673319077612,481.1115889501082,43,
35,0,0,443.65744766116296,0,
35,0,0,443.65744766116296,2,
35,2,1.414392123923962,443.65744766116296,7,
35,9,18.634618547545784,443.65744766116296,116,
35,2,3.015611395654096,456.11095576138405,3,
35,5,11.468760707643414,456.11095576138405,91,
35,0,0,439.38278457167957,3,
35,3,7.89474660190761,439.38278457167957,42,
35,1,2.081364762395813,447.73424334759846,4,
35,5,15.470154549237936,447.73424334759846,71,
35,1,1.3128025153738072,434.1706231635967,4,
35,5,9.829197002763978,434.1706231635967,77,
35,0,0,432.631910255473,2,
35,2,4.0756733419492885,432.631910255473,15,
35,0,0,489.41315907874,3,
35,3,5.071855871161375,489.41315907874,17,
35,0,0,471.37488207553463,3,
35,3,5.793222171279837,471.37488207553463,67,
35,0,0,407.901912029259,2,
35,2,6.675347552998758,407.901912029259,12,
35,0,0,440.19097590725295,0,
35,0,0,440.19097590725295,1,
35,1,3.4250832438774204,440.19097590725295,5,
35,6,9.569238026634395,440.19097590725295,70,
35,0,0,438.4662378479791,2,
35,2,3.0077612838309236,438.4662378479791,7,
35,9,26.460751087258934,438.4662378479791,93,
35,0,0,431.7939547496566,1,
35,1,0.020305386555033778,431.7939547496566,4,
35,5,7.669131437753949,431.7939547496566,42,
35,0,0,404.2467169352403,4,
35,4,11.684730654731549,404.2467169352403,51,
35,0,0,453.7422782054765,3,
35,3,7.887108283451637,453.7422782054765,19,
35,2,5.951370194431798,455.76221602306896,16,
35,0,0,392.69886248548755,0,
35,0,0,392.69886248548755,2,
35,2,3.3241246812723695,392.69886248548755,18,
35,0,0,420.1068589994884,2,
35,2,3.6970561007591236,420.1068589994884,17,
35,1,0.22820287385040317,398.51772937633825,3,
35,4,8.182996539874413,398.51772937633825,21,
35,0,0,427.3554631297123,0,
35,0,0,427.3554631297123,2,
35,2,1.3802203166580824,427.3554631297123,4,
35,6,18.41677762538088,427.3554631297123,96,
35,0,0,450.85065405418425,0,
35,0,0,450.85065405418425,5,
35,5,12.575252217335652,450.85065405418425,45,
35,1,-0.8268800687332742,432.1829177269309,1,
35,2,1.6994565339666714,432.1829177269309,7,
35,9,19.159213844462293,432.1829177269309,117,
35,0,0,430.6126388047791,3,
35,3,10.131201436085018,430.6126388047791,49,
35,0,0,437.26991357440477,2,
35,2,1.8960408847106613,437.26991357440477,13,
35,1,0.5210243517635753,432.0205626377862,4,
35,5,17.041657922744985,432.0205626377862,70,
35,1,0.5099196001502992,461.2622673106961,0,
35,1,0.5099196001502992,461.2622673106961,6,
35,7,16.900170149560793,461.2622673106961,66,
35,2,-0.018651084806815987,421.7172282791742,2,
35,4,3.08622723128442,421.7172282791742,10,
35,0,0,440.10472270851926,2,
35,2,3.8191619475245844,440.10472270851926,26,
35,0,0,458.1313553466369,1,
35,1,0.5391696836417239,458.1313553466369,4,
35,5,10.688054317062958,458.1313553466369,67,
35,0,0,434.34596334764603,3,
35,3,7.078019277771045,434.34596334764603,33,
35,1,2.365642953539954,465.17647243203936,4,
35,5,8.848789250271036,465.17647243203936,61,
35,1,-0.8648331866431391,455.7070297776948,1,
35,2,0.9242295748168363,455.7070297776948,3,
35,5,8.519269960744294,455.7070297776948,53,
35,0,0,443.4416453939815,2,
35,2,2.1924993670959587,443.4416453939815,35,
35,1,0.35531442689906,432.40791727150423,4,
35,5,11.333720147345977,432.40791727150423,64,
35,0,0,447.48784373112846,1,
35,1,3.591500388881183,447.48784373112846,8,
35,1,0.12130535796553588,421.049220340683,2,
35,3,5.658412620172873,421.049220340683,24,
35,1,-1.3639565941604168,443.2346952238977,2,
35,3,1.9036485266387633,443.2346952238977,5,
35,8,19.05986929394637,443.2346952238977,96,
35,1,0.6090685910221971,452.60375278748035,1,
35,2,2.8046727850341995,452.60375278748035,32,
35,1,2.704796997560134,433.3394448607129,5,
35,6,15.987855476925992,433.3394448607129,103,
35,0,0,417.9133004897218,3,
35,3,5.083702076945263,417.9133004897218,25,
35,0,0,404.86235928456153,1,
35,1,2.2438598237926044,404.86235928456153,6,
35,7,17.50676049378223,404.86235928456153,78,
35,0,0,430.91019599336914,0,
35,0,0,430.91019599336914,7,
35,7,10.82816561648387,430.91019599336914,70,
35,1,1.5301345828372135,420.3751026451981,13,
35,1,1.1517297457241327,408.7841791620045,2,
35,3,3.0980451118859094,408.7841791620045,45,
35,0,0,426.28115478572926,1,
35,1,2.4700201812835445,426.28115478572926,5,
35,6,12.128363195831067,426.28115478572926,88,
35,0,0,427.4003043335864,4,
35,4,5.271864750297606,427.4003043335864,50,
35,1,-0.012076324707308572,419.80251417777987,3,
35,4,8.313941869102685,419.80251417777987,36,
35,1,2.3631814862483296,471.80621635787656,9,
35,0,0,413.8020159336859,1,
35,1,2.7951470148685793,413.8020159336859,9,
35,0,0,406.1508553063293,0,
35,0,0,406.1508553063293,3,
35,3,7.702714935829883,406.1508553063293,19,
35,1,1.9439859571465288,415.4704988513596,3,
35,4,9.412991879633475,415.4704988513596,67,
35,1,2.7145829678113955,428.3959911436257,2,
35,3,7.3036523618106965,428.3959911436257,23,
35,1,2.215432209237889,427.43576546150905,3,
35,4,12.053733115245343,427.43576546150905,30,
35,1,0.7786268846435505,400.38584149129565,1,
35,2,4.770255408366303,400.38584149129565,14,
35,0,0,362.4318830062649,0,
35,0,0,362.4318830062649,3,
35,3,6.16111155849166,362.4318830062649,25,
35,0,0,412.2794558322023,0,
35,0,0,412.2794558322023,2,
35,2,5.1112234384177935,412.2794558322023,4,
35,6,15.395764426990587,412.2794558322023,81,
35,0,0,444.31462547108634,3,
35,3,6.859971373492401,444.31462547108634,12,
35,0,0,443.06943229644367,3,
35,3,10.98457538469093,443.06943229644367,27,
35,0,0,403.81684837755773,2,
35,2,2.4702974552599493,403.81684837755773,18,
35,0,0,448.1428014658881,0,
35,0,0,448.1428014658881,4,
35,4,9.098677497065387,448.1428014658881,69,
35,1,3.863481507457493,412.3533458675054,5,
35,6,15.306537697721005,412.3533458675054,71,
35,0,0,428.48526052202914,0,
35,0,0,428.48526052202914,1,
35,1,0.7077110349847082,428.48526052202914,6,
35,7,17.09828029549735,428.48526052202914,108,
35,0,0,441.4553735361625,3,
35,3,4.982065720890777,441.4553735361625,56,
35,0,0,440.64194427141183,3,
35,3,5.073038508888125,440.64194427141183,10,
35,1,4.845153831430723,467.0315010785689,6,
35,7,18.177257847382556,467.0315010785689,71,
35,0,0,435.57905312943006,5,
35,5,12.358910640264002,435.57905312943006,52,
35,0,0,427.66190392167067,0,
35,0,0,427.66190392167067,3,
35,3,7.286950524776756,427.66190392167067,18,
35,0,0,429.5656222908918,0,
35,0,0,429.5656222908918,2,
35,2,5.261687947082697,429.5656222908918,16,
35,0,0,442.6326170290334,3,
35,3,5.359512928101429,442.6326170290334,36,
35,0,0,414.8951015394283,0,
35,0,0,414.8951015394283,4,
35,4,10.864994480189374,414.8951015394283,47,
35,0,0,436.6111307400659,2,
35,2,4.840678009856921,436.6111307400659,8,
35,0,0,445.0754675853626,2,
35,2,5.560721788561214,445.0754675853626,10,
35,2,4.807431960962884,400.2846532057577,13,
35,0,0,444.45556889064954,0,
35,0,0,444.45556889064954,5,
35,5,11.39724040391136,444.45556889064954,66,
35,1,-0.1289320950199695,454.5032637063449,6,
35,7,13.503242438648172,454.5032637063449,88,
35,0,0,421.58344679552573,2,
35,2,4.770271825781634,421.58344679552573,11,
35,0,0,420.22360196839475,2,
35,2,3.1054587211787563,420.22360196839475,4,
35,6,9.548216825523722,420.22360196839475,58,
35,0,0,464.22546954417953,3,
35,3,4.8057069082451065,464.22546954417953,53,
35,0,0,438.36941212957606,2,
35,2,0.2667751607821245,438.36941212957606,20,
35,0,0,394.2290705579975,3,
35,3,5.605197321498199,394.2290705579975,19,
35,1,0.7051304287881415,424.4555932171181,1,
35,2,1.5817711215961197,424.4555932171181,9,
35,1,0.2720753302133261,431.9865305431638,3,
35,4,7.961729387354373,431.9865305431638,24,
35,0,0,437.0355987324916,1,
35,1,1.6506927626655532,437.0355987324916,3,
35,4,9.319219294017259,437.0355987324916,45,
35,1,1.714868533346941,383.37620425877,8,
35,0,0,397.0961721216544,0,
35,0,0,397.0961721216544,1,
35,1,3.1424490299184455,397.0961721216544,8,
35,1,3.54420678049601,436.6374195456651,4,
35,5,11.264773373455277,436.6374195456651,49,
35,0,0,427.1163259555496,2,
35,2,3.7122292256179534,427.1163259555496,25,
35,0,0,426.95237921300395,2,
35,2,3.293809710831278,426.95237921300395,6,
35,8,14.761598227833657,426.95237921300395,98,
35,1,3.7226713234323476,468.5345651323218,5,
35,6,10.284631825686535,468.5345651323218,72,
35,1,0.9848746839950664,404.53590372984934,3,
35,4,8.803832648527646,404.53590372984934,25,
35,1,2.4811429142367523,408.9443690162538,3,
35,4,11.553576837616307,408.9443690162538,35,
35,0,0,407.5317374968219,3,
35,3,6.098881743363837,407.5317374968219,16,
35,1,0.9041755883332421,435.27271220878583,8,
35,1,2.9491072524672184,453.65862620819036,3,
35,4,14.300625529419543,453.65862620819036,70,
35,0,0,402.60502756666915,1,
35,1,2.2506018976183277,402.60502756666915,1,
35,2,3.756105374063935,402.60502756666915,28,
35,0,0,431.83592627253176,0,
35,0,0,431.83592627253176,1,
35,1,1.756613742471469,431.83592627253176,11,
35,0,0,445.5328927089948,2,
35,2,4.479908504088584,445.5328927089948,6,
35,8,16.057593907561838,445.5328927089948,110,
35,0,0,420.1555120519303,1,
35,1,1.854698233178162,420.1555120519303,4,
35,5,10.569760973635665,420.1555120519303,74,
35,0,0,472.13738655885453,1,
35,1,2.4119552738225725,472.13738655885453,6,
35,7,17.83330119484395,472.13738655885453,79,
35,0,0,424.0598685506338,2,
35,2,5.65737641388851,424.0598685506338,22,
35,0,0,407.9722094448633,1,
35,1,1.283519890387936,407.9722094448633,6,
35,7,16.093449990332836,407.9722094448633,98,
35,0,0,460.9246317984336,2,
35,2,4.101020419684307,460.9246317984336,6,
35,8,16.348218379209754,460.9246317984336,87,
35,0,0,464.5875865241899,3,
35,3,7.0696035880683805,464.5875865241899,15,
35,0,0,440.92648637934604,1,
35,1,4.525247529287931,440.92648637934604,8,
35,0,0,442.4880265187948,1,
35,1,5.424985464937518,442.4880265187948,6,
35,7,22.602158388445563,442.4880265187948,96,
35,1,3.3456975194485565,430.0140823622141,9,
35,2,1.9244087023039285,427.61981954240963,4,
35,6,13.279928046146928,427.61981954240963,85,
35,0,0,459.39814783848175,2,
35,2,2.536756605953796,459.39814783848175,5,
35,7,13.814814181872432,459.39814783848175,105,
35,0,0,481.5636343243443,1,
35,1,3.258019652941794,481.5636343243443,2,
35,3,7.201349204487169,481.5636343243443,46,
35,0,0,441.21342484091167,0,
35,0,0,441.21342484091167,2,
35,2,6.737483482513188,441.21342484091167,13,
35,0,0,465.8518514094332,2,
35,2,1.2924479230774875,465.8518514094332,7,
35,9,18.93104375830221,465.8518514094332,117,
35,1,-0.03446475039858221,414.65643723499477,3,
35,4,5.480145038741989,414.65643723499477,22,
35,0,0,428.5146443833915,1,
35,1,2.1657289668914395,428.5146443833915,3,
35,4,7.231527008148227,428.5146443833915,66,
35,0,0,401.72870818506505,3,
35,3,6.608919586083362,401.72870818506505,16,
35,0,0,461.0460905757619,1,
35,1,1.986175579334171,461.0460905757619,6,
35,7,13.540337273009792,461.0460905757619,92,
35,0,0,413.0215114746313,5,
35,5,7.2680153244268055,413.0215114746313,63,
35,0,0,469.66148637980285,2,
35,2,5.91317886066863,469.66148637980285,18,
35,0,0,455.9524696183278,3,
35,3,5.2194655139029855,455.9524696183278,38,
35,0,0,452.0584739371243,1,
35,1,3.3856849720853965,452.0584739371243,3,
35,4,12.351802654549054,452.0584739371243,81,
35,1,1.2802981428514677,489.8090731830022,6,
35,7,13.39645099233567,489.8090731830022,88,
35,0,0,434.62691299641074,3,
35,3,6.049360576779149,434.62691299641074,13,
35,0,0,430.02923136414506,1,
35,1,2.0945123482624517,430.02923136414506,2,
35,3,5.4245635773856975,430.02923136414506,47,
35,0,0,425.2801036896974,3,
35,3,4.167502242376514,425.2801036896974,23,
35,0,0,414.2452141134065,2,
35,2,4.044813921027961,414.2452141134065,5,
35,7,12.910667982009807,414.2452141134065,92,
35,0,0,459.3371910701939,3,
35,3,3.12198838368095,459.3371910701939,15,
35,0,0,420.6383933524998,7,
35,7,15.79396724473233,420.6383933524998,109,
35,1,3.3762524808587955,494.73394685091495,4,
35,5,11.858671518687784,494.73394685091495,74,
35,1,3.7619172699441137,450.14123186245075,2,
35,3,9.45587545601365,450.14123186245075,37,
35,0,0,387.60311657900655,1,
35,1,4.339802142977721,387.60311657900655,2,
35,3,11.489914083461922,387.60311657900655,70,
35,0,0,467.6487379251445,0,
35,0,0,467.6487379251445,3,
35,3,7.965976939414883,467.6487379251445,38,
35,0,0,391.77170807300536,1,
35,1,2.8845205305642168,391.77170807300536,5,
35,6,12.890205881819746,391.77170807300536,73,
35,1,-0.472654843165083,444.95630413103646,0,
35,1,-0.472654843165083,444.95630413103646,2,
35,3,3.262515452774002,444.95630413103646,15,
35,1,1.2806624611213024,462.18263832353585,5,
35,6,13.555773360351616,462.18263832353585,100,
35,0,0,438.1029347052504,1,
35,1,1.5502038924942134,438.1029347052504,5,
35,6,15.887051796833104,438.1029347052504,99,
35,0,0,418.0911566909157,1,
35,1,0.8293088153268275,418.0911566909157,7,
35,8,20.506007797887094,418.0911566909157,95,
35,0,0,453.57195738582436,3,
35,3,2.6539824392801634,453.57195738582436,45,
35,0,0,443.54315885520975,4,
35,4,7.937023752476501,443.54315885520975,45,
35,0,0,430.4427574468878,4,
35,4,9.350038361267615,430.4427574468878,62,
35,0,0,427.5596499846859,2,
35,2,6.537387269298055,427.5596499846859,28,
35,0,0,423.34388988592127,2,
35,2,6.366524531643673,423.34388988592127,4,
35,6,17.448441493331124,423.34388988592127,67,
35,0,0,409.82266602523305,3,
35,3,8.714028713609661,409.82266602523305,43,
35,0,0,410.52863653283293,2,
35,2,4.78823407685266,410.52863653283293,24,
35,0,0,383.90770624077464,3,
35,3,7.037576512261836,383.90770624077464,29,
35,0,0,455.59932835607486,3,
35,3,5.249578881695701,455.59932835607486,53,
35,1,0.842239805688191,439.8137317837605,3,
35,4,4.631856688477306,439.8137317837605,35,
35,0,0,385.84052394144254,2,
35,2,5.408283663311801,385.84052394144254,9,
35,0,0,447.6901906935035,0,
35,0,0,447.6901906935035,2,
35,2,1.9228106442430413,447.6901906935035,7,
35,9,18.87718531212846,447.6901906935035,72,
